air          - 1.0
water      - 1.33
ice         - 1.309
glass      - 1.52
diamond - 2.24

			linear			sRGBs
water 		(0.02, 0.02, 0.02)	(0.15, 0.15, 0.15)  	
plastic/glass(low)	(0.03, 0.03, 0.03)	(0.21, 0.21, 0.21)	
plastic(high)	(0.05, 0.05, 0.05)	(0.24, 0.24, 0.24)	
glass(high)/ruby	(0.08, 0.08, 0.08)	(0.31, 0.31, 0.31)	
diamond		(0.17, 0.17, 0.17)	(0.45, 0.45, 0.45)	
iron			(0.56, 0.57, 0.58)	(0.77, 0.78, 0.78)	
copper		(0.95, 0.64, 0.54)	(0.98, 0.82, 0.76)	
gold			(1.00, 0.71, 0.29)	(1.00, 0.86, 0.57)	
aluminium		(0.91, 0.92, 0.92)	(0.96, 0.96, 0.97)	
silver			(0.95, 0.93, 0.88)	(0.98, 0.97, 0.95)